Original Video (20x20):
173   6 205  12 227 165   6 243  90  91  78 131  28  29 239  78  84  93 197 158 
 97 114  95  11 102 192  37 131 190 252 209 104 146 225 198 132  63 245 152  76 
114 159  32  96  16   8 253 126  58 108 186 232 214 121  67 156  15 197 220 167 
146  87   4  85  95 160 198  39 100  60  60 158 232 253 164   0 250 178  44  45 
226 146 253 168 194  21  16 204  78 114  51 232 147 201  50  79 122   8 243 170 
157 205 140 184 152 122  72  60 254 133  51 207 122  45 249 192 155  67  25  69 
 19  19  90 140   3 197  91  54   2 199   3  54 101  19 121 247 183  77 107 149 
  0 158  42 234 210 164 151 242 203  19 250 128 181 135 132  30  45  53 118 116 
 92 112  12  61  84  64  70  95  71 132  61  80  28 206   2  45 235 102 237  13 
252  14  36 200  65  73  81  34 159 133   3  76 221 130 162 106 234  53 148 108 
 73 100 200 126 188 183 141 220  34  90 254 101 172 186 234 193 167  85 146   6 
194 249  39 134  60 181  82 127 252 206 180 174 174  87 216 152  29  92 221 243 
253 119 107 251 189 160  50  82   1 102  15 243 189 194 228  12 200 111 117  69 
209  33 245  59 190 132 181 136  49  34 153 101 188 216 217 226 155  19  67 157 
152  30 171 121 153  36 202 229 166 123 166 224 171  56  54  66   4 224 180  57 
 47  24  47  11 204 133 205  51 184  94  40  27 101 220 199   3 189 100 131  30 
185 174  95 249 133  24 235  86  58 174 157 217 138 104 207 254  34  12   8  33 
 78 211 143 137 212 167  97 142 184 230  42 231 128  33  20 224  72 102  35 249 
223 193  39 149  48 104  11 122 218  41 189  23 252 226 254   2 211 103  38 226 
121 165   0  10 197  72  66 112 119  39  73 153  25  65 223 107 187 201  23 147 

Processed Frames:
Frame 1 (4x5):
 96  13 112  16 123 
 58  67  57  15  61 
 67  89  26  58  18 
 83  53  12  52  57 

Frame 2 (4x5):
 13 112  16 123  92 
 67  57  15  61 106 
 89  26  58  18  14 
 53  12  52  57  90 

Frame 3 (4x5):
112  16 123  92  13 
 57  15  61 106  28 
 26  58  18  14 136 
 12  52  57  90 109 

Frame 4 (4x5):
 16 123  92  13 131 
 15  61 106  28  75 
 58  18  14 136  73 
 52  57  90 109  29 

Frame 5 (4x5):
123  92  13 131  55 
 61 106  28  75 105 
 18  14 136  73  39 
 57  90 109  29  60 

Frame 6 (4x5):
 92  13 131  55  55 
106  28  75 105 136 
 14 136  73  39  64 
 90 109  29  60  40 

Frame 7 (4x5):
 13 131  55  55  49 
 28  75 105 136 114 
136  73  39  64 103 
109  29  60  40  40 

Frame 8 (4x5):
131  55  55  49  75 
 75 105 136 114  62 
 73  39  64 103 126 
 29  60  40  40  89 

Frame 9 (4x5):
 55  55  49  75  24 
105 136 114  62  83 
 39  64 103 126 117 
 60  40  40  89 126 

Frame 10 (4x5):
 55  49  75  24  24 
136 114  62  83 122 
 64 103 126 117  70 
 40  40  89 126 136 

Frame 11 (4x5):
 49  75  24  24 129 
114  62  83 122 109 
103 126 117  70  43 
 40  89 126 136  92 

Frame 12 (4x5):
 75  24  24 129  49 
 62  83 122 109  76 
126 117  70  43  88 
 89 126 136  92  10 

Frame 13 (4x5):
 24  24 129  49  52 
 83 122 109  76  41 
117  70  43  88  17 
126 136  92  10 135 

Frame 14 (4x5):
 24 129  49  52  56 
122 109  76  41 132 
 70  43  88  17 108 
136  92  10 135  99 

Frame 15 (4x5):
129  49  52  56 108 
109  76  41 132  86 
 43  88  17 108 120 
 92  10 135  99  32 

Frame 16 (4x5):
 49  52  56 108  89 
 76  41 132  86  48 
 88  17 108 120  93 
 10 135  99  32  32 

Frame 17 (4x5):
 58  67  57  15  61 
 67  89  26  58  18 
 83  53  12  52  57 
123  83 136  94 107 

Frame 18 (4x5):
 67  57  15  61 106 
 89  26  58  18  14 
 53  12  52  57  90 
 83 136  94 107  20 

Frame 19 (4x5):
 57  15  61 106  28 
 26  58  18  14 136 
 12  52  57  90 109 
136  94 107  20  18 

Frame 20 (4x5):
 15  61 106  28  75 
 58  18  14 136  73 
 52  57  90 109  29 
 94 107  20  18 112 

Frame 21 (4x5):
 61 106  28  75 105 
 18  14 136  73  39 
 57  90 109  29  60 
107  20  18 112  49 

Frame 22 (4x5):
106  28  75 105 136 
 14 136  73  39  64 
 90 109  29  60  40 
 20  18 112  49  67 

Frame 23 (4x5):
 28  75 105 136 114 
136  73  39  64 103 
109  29  60  40  40 
 18 112  49  67  35 

Frame 24 (4x5):
 75 105 136 114  62 
 73  39  64 103 126 
 29  60  40  40  89 
112  49  67  35 126 

Frame 25 (4x5):
105 136 114  62  83 
 39  64 103 126 117 
 60  40  40  89 126 
 49  67  35 126  83 

Frame 26 (4x5):
136 114  62  83 122 
 64 103 126 117  70 
 40  40  89 126 136 
 67  35 126  83 110 

Frame 27 (4x5):
114  62  83 122 109 
103 126 117  70  43 
 40  89 126 136  92 
 35 126  83 110  35 

Frame 28 (4x5):
 62  83 122 109  76 
126 117  70  43  88 
 89 126 136  92  10 
126  83 110  35  49 

Frame 29 (4x5):
 83 122 109  76  41 
117  70  43  88  17 
126 136  92  10 135 
 83 110  35  49  71 

Frame 30 (4x5):
122 109  76  41 132 
 70  43  88  17 108 
136  92  10 135  99 
110  35  49  71  14 

Frame 31 (4x5):
109  76  41 132  86 
 43  88  17 108 120 
 92  10 135  99  32 
 35  49  71  14 131 

Frame 32 (4x5):
 76  41 132  86  48 
 88  17 108 120  93 
 10 135  99  32  32 
 49  71  14 131  95 

Frame 33 (4x5):
 67  89  26  58  18 
 83  53  12  52  57 
123  83 136  94 107 
 88 112  80 102  86 

Frame 34 (4x5):
 89  26  58  18  14 
 53  12  52  57  90 
 83 136  94 107  20 
112  80 102  86  71 

Frame 35 (4x5):
 26  58  18  14 136 
 12  52  57  90 109 
136  94 107  20  18 
 80 102  86  71  46 

Frame 36 (4x5):
 58  18  14 136  73 
 52  57  90 109  29 
 94 107  20  18 112 
102  86  71  46  40 

Frame 37 (4x5):
 18  14 136  73  39 
 57  90 109  29  60 
107  20  18 112  49 
 86  71  46  40 137 

Frame 38 (4x5):
 14 136  73  39  64 
 90 109  29  60  40 
 20  18 112  49  67 
 71  46  40 137  76 

Frame 39 (4x5):
136  73  39  64 103 
109  29  60  40  40 
 18 112  49  67  35 
 46  40 137  76  35 

Frame 40 (4x5):
 73  39  64 103 126 
 29  60  40  40  89 
112  49  67  35 126 
 40 137  76  35 113 

Frame 41 (4x5):
 39  64 103 126 117 
 60  40  40  89 126 
 49  67  35 126  83 
137  76  35 113  71 

Frame 42 (4x5):
 64 103 126 117  70 
 40  40  89 126 136 
 67  35 126  83 110 
 76  35 113  71  32 

Frame 43 (4x5):
103 126 117  70  43 
 40  89 126 136  92 
 35 126  83 110  35 
 35 113  71  32 134 

Frame 44 (4x5):
126 117  70  43  88 
 89 126 136  92  10 
126  83 110  35  49 
113  71  32 134 106 

Frame 45 (4x5):
117  70  43  88  17 
126 136  92  10 135 
 83 110  35  49  71 
 71  32 134 106  87 

Frame 46 (4x5):
 70  43  88  17 108 
136  92  10 135  99 
110  35  49  71  14 
 32 134 106  87  43 

Frame 47 (4x5):
 43  88  17 108 120 
 92  10 135  99  32 
 35  49  71  14 131 
134 106  87  43  22 

Frame 48 (4x5):
 88  17 108 120  93 
 10 135  99  32  32 
 49  71  14 131  95 
106  87  43  22  44 

Frame 49 (4x5):
 83  53  12  52  57 
123  83 136  94 107 
 88 112  80 102  86 
 19  19  55  80  11 

Frame 50 (4x5):
 53  12  52  57  90 
 83 136  94 107  20 
112  80 102  86  71 
 19  55  80  11 108 

Frame 51 (4x5):
 12  52  57  90 109 
136  94 107  20  18 
 80 102  86  71  46 
 55  80  11 108  55 

Frame 52 (4x5):
 52  57  90 109  29 
 94 107  20  18 112 
102  86  71  46  40 
 80  11 108  55  37 

Frame 53 (4x5):
 57  90 109  29  60 
107  20  18 112  49 
 86  71  46  40 137 
 11 108  55  37  11 

Frame 54 (4x5):
 90 109  29  60  40 
 20  18 112  49  67 
 71  46  40 137  76 
108  55  37  11 109 

Frame 55 (4x5):
109  29  60  40  40 
 18 112  49  67  35 
 46  40 137  76  35 
 55  37  11 109  11 

Frame 56 (4x5):
 29  60  40  40  89 
112  49  67  35 126 
 40 137  76  35 113 
 37  11 109  11  37 

Frame 57 (4x5):
 60  40  40  89 126 
 49  67  35 126  83 
137  76  35 113  71 
 11 109  11  37  60 

Frame 58 (4x5):
 40  40  89 126 136 
 67  35 126  83 110 
 76  35 113  71  32 
109  11  37  60  19 

Frame 59 (4x5):
 40  89 126 136  92 
 35 126  83 110  35 
 35 113  71  32 134 
 11  37  60  19  70 

Frame 60 (4x5):
 89 126 136  92  10 
126  83 110  35  49 
113  71  32 134 106 
 37  60  19  70 133 

Frame 61 (4x5):
126 136  92  10 135 
 83 110  35  49  71 
 71  32 134 106  87 
 60  19  70 133 101 

Frame 62 (4x5):
136  92  10 135  99 
110  35  49  71  14 
 32 134 106  87  43 
 19  70 133 101  48 

Frame 63 (4x5):
 92  10 135  99  32 
 35  49  71  14 131 
134 106  87  43  22 
 70 133 101  48  63 

Frame 64 (4x5):
 10 135  99  32  32 
 49  71  14 131  95 
106  87  43  22  44 
133 101  48  63  84 

Frame 65 (4x5):
123  83 136  94 107 
 88 112  80 102  86 
 19  19  55  80  11 
 10  89  31 127 115 

Frame 66 (4x5):
 83 136  94 107  20 
112  80 102  86  71 
 19  55  80  11 108 
 89  31 127 115  92 

Frame 67 (4x5):
136  94 107  20  18 
 80 102  86  71  46 
 55  80  11 108  55 
 31 127 115  92  85 

Frame 68 (4x5):
 94 107  20  18 112 
102  86  71  46  40 
 80  11 108  55  37 
127 115  92  85 131 

Frame 69 (4x5):
107  20  18 112  49 
 86  71  46  40 137 
 11 108  55  37  11 
115  92  85 131 111 

Frame 70 (4x5):
 20  18 112  49  67 
 71  46  40 137  76 
108  55  37  11 109 
 92  85 131 111  19 

Frame 71 (4x5):
 18 112  49  67  35 
 46  40 137  76  35 
 55  37  11 109  11 
 85 131 111  19 135 

Frame 72 (4x5):
112  49  67  35 126 
 40 137  76  35 113 
 37  11 109  11  37 
131 111  19 135  74 

Frame 73 (4x5):
 49  67  35 126  83 
137  76  35 113  71 
 11 109  11  37  60 
111  19 135  74 100 

Frame 74 (4x5):
 67  35 126  83 110 
 76  35 113  71  32 
109  11  37  60  19 
 19 135  74 100  77 

Frame 75 (4x5):
 35 126  83 110  35 
 35 113  71  32 134 
 11  37  60  19  70 
135  74 100  77  76 

Frame 76 (4x5):
126  83 110  35  49 
113  71  32 134 106 
 37  60  19  70 133 
 74 100  77  76  25 

Frame 77 (4x5):
 83 110  35  49  71 
 71  32 134 106  87 
 60  19  70 133 101 
100  77  76  25  32 

Frame 78 (4x5):
110  35  49  71  14 
 32 134 106  87  43 
 19  70 133 101  48 
 77  76  25  32  36 

Frame 79 (4x5):
 35  49  71  14 131 
134 106  87  43  22 
 70 133 101  48  63 
 76  25  32  36  69 

Frame 80 (4x5):
 49  71  14 131  95 
106  87  43  22  44 
133 101  48  63  84 
 25  32  36  69  68 

Frame 81 (4x5):
 88 112  80 102  86 
 19  19  55  80  11 
 10  89  31 127 115 
 56  66  16  40  52 

Frame 82 (4x5):
112  80 102  86  71 
 19  55  80  11 108 
 89  31 127 115  92 
 66  16  40  52  42 

Frame 83 (4x5):
 80 102  86  71  46 
 55  80  11 108  55 
 31 127 115  92  85 
 16  40  52  42  45 

Frame 84 (4x5):
102  86  71  46  40 
 80  11 108  55  37 
127 115  92  85 131 
 40  52  42  45  57 

Frame 85 (4x5):
 86  71  46  40 137 
 11 108  55  37  11 
115  92  85 131 111 
 52  42  45  57  45 

Frame 86 (4x5):
 71  46  40 137  76 
108  55  37  11 109 
 92  85 131 111  19 
 42  45  57  45  76 

Frame 87 (4x5):
 46  40 137  76  35 
 55  37  11 109  11 
 85 131 111  19 135 
 45  57  45  76  40 

Frame 88 (4x5):
 40 137  76  35 113 
 37  11 109  11  37 
131 111  19 135  74 
 57  45  76  40  50 

Frame 89 (4x5):
137  76  35 113  71 
 11 109  11  37  60 
111  19 135  74 100 
 45  76  40  50  24 

Frame 90 (4x5):
 76  35 113  71  32 
109  11  37  60  19 
 19 135  74 100  77 
 76  40  50  24 113 

Frame 91 (4x5):
 35 113  71  32 134 
 11  37  60  19  70 
135  74 100  77  76 
 40  50  24 113  11 

Frame 92 (4x5):
113  71  32 134 106 
 37  60  19  70 133 
 74 100  77  76  25 
 50  24 113  11  32 

Frame 93 (4x5):
 71  32 134 106  87 
 60  19  70 133 101 
100  77  76  25  32 
 24 113  11  32 127 

Frame 94 (4x5):
 32 134 106  87  43 
 19  70 133 101  48 
 77  76  25  32  36 
113  11  32 127  61 

Frame 95 (4x5):
134 106  87  43  22 
 70 133 101  48  63 
 76  25  32  36  69 
 11  32 127  61 128 

Frame 96 (4x5):
106  87  43  22  44 
133 101  48  63  84 
 25  32  36  69  68 
 32 127  61 128  16 

Frame 97 (4x5):
 19  19  55  80  11 
 10  89  31 127 115 
 56  66  16  40  52 
136  17  28 110  42 

Frame 98 (4x5):
 19  55  80  11 108 
 89  31 127 115  92 
 66  16  40  52  42 
 17  28 110  42  46 

Frame 99 (4x5):
 55  80  11 108  55 
 31 127 115  92  85 
 16  40  52  42  45 
 28 110  42  46  50 

Frame 100 (4x5):
 80  11 108  55  37 
127 115  92  85 131 
 40  52  42  45  57 
110  42  46  50  27 

Frame 101 (4x5):
 11 108  55  37  11 
115  92  85 131 111 
 52  42  45  57  45 
 42  46  50  27  89 

Frame 102 (4x5):
108  55  37  11 109 
 92  85 131 111  19 
 42  45  57  45  76 
 46  50  27  89  76 

Frame 103 (4x5):
 55  37  11 109  11 
 85 131 111  19 135 
 45  57  45  76  40 
 50  27  89  76  11 

Frame 104 (4x5):
 37  11 109  11  37 
131 111  19 135  74 
 57  45  76  40  50 
 27  89  76  11  48 

Frame 105 (4x5):
 11 109  11  37  60 
111  19 135  74 100 
 45  76  40  50  24 
 89  76  11  48 120 

Frame 106 (4x5):
109  11  37  60  19 
 19 135  74 100  77 
 76  40  50  24 113 
 76  11  48 120  75 

Frame 107 (4x5):
 11  37  60  19  70 
135  74 100  77  76 
 40  50  24 113  11 
 11  48 120  75  91 

Frame 108 (4x5):
 37  60  19  70 133 
 74 100  77  76  25 
 50  24 113  11  32 
 48 120  75  91  63 

Frame 109 (4x5):
 60  19  70 133 101 
100  77  76  25  32 
 24 113  11  32 127 
120  75  91  63 127 

Frame 110 (4x5):
 19  70 133 101  48 
 77  76  25  32  36 
113  11  32 127  61 
 75  91  63 127  36 

Frame 111 (4x5):
 70 133 101  48  63 
 76  25  32  36  69 
 11  32 127  61 128 
 91  63 127  36  84 

Frame 112 (4x5):
133 101  48  63  84 
 25  32  36  69  68 
 32 127  61 128  16 
 63 127  36  84  64 

Frame 113 (4x5):
 10  89  31 127 115 
 56  66  16  40  52 
136  17  28 110  42 
 46  60 110  73 104 

Frame 114 (4x5):
 89  31 127 115  92 
 66  16  40  52  42 
 17  28 110  42  46 
 60 110  73 104 101 

Frame 115 (4x5):
 31 127 115  92  85 
 16  40  52  42  45 
 28 110  42  46  50 
110  73 104 101  80 

Frame 116 (4x5):
127 115  92  85 131 
 40  52  42  45  57 
110  42  46  50  27 
 73 104 101  80 120 

Frame 117 (4x5):
115  92  85 131 111 
 52  42  45  57  45 
 42  46  50  27  89 
104 101  80 120  27 

Frame 118 (4x5):
 92  85 131 111  19 
 42  45  57  45  76 
 46  50  27  89  76 
101  80 120  27  55 

Frame 119 (4x5):
 85 131 111  19 135 
 45  57  45  76  40 
 50  27  89  76  11 
 80 120  27  55 137 

Frame 120 (4x5):
131 111  19 135  74 
 57  45  76  40  50 
 27  89  76  11  48 
120  27  55 137  60 

Frame 121 (4x5):
111  19 135  74 100 
 45  76  40  50  24 
 89  76  11  48 120 
 27  55 137  60  96 

Frame 122 (4x5):
 19 135  74 100  77 
 76  40  50  24 113 
 76  11  48 120  75 
 55 137  60  96 103 

Frame 123 (4x5):
135  74 100  77  76 
 40  50  24 113  11 
 11  48 120  75  91 
137  60  96 103 127 

Frame 124 (4x5):
 74 100  77  76  25 
 50  24 113  11  32 
 48 120  75  91  63 
 60  96 103 127 106 

Frame 125 (4x5):
100  77  76  25  32 
 24 113  11  32 127 
120  75  91  63 127 
 96 103 127 106  93 

Frame 126 (4x5):
 77  76  25  32  36 
113  11  32 127  61 
 75  91  63 127  36 
103 127 106  93  52 

Frame 127 (4x5):
 76  25  32  36  69 
 11  32 127  61 128 
 91  63 127  36  84 
127 106  93  52  83 

Frame 128 (4x5):
 25  32  36  69  68 
 32 127  61 128  16 
 63 127  36  84  64 
106  93  52  83  13 

Frame 129 (4x5):
 56  66  16  40  52 
136  17  28 110  42 
 46  60 110  73 104 
107 134  29  77  40 

Frame 130 (4x5):
 66  16  40  52  42 
 17  28 110  42  46 
 60 110  73 104 101 
134  29  77  40 100 

Frame 131 (4x5):
 16  40  52  42  45 
 28 110  42  46  50 
110  73 104 101  80 
 29  77  40 100  51 

Frame 132 (4x5):
 40  52  42  45  57 
110  42  46  50  27 
 73 104 101  80 120 
 77  40 100  51  73 

Frame 133 (4x5):
 52  42  45  57  45 
 42  46  50  27  89 
104 101  80 120  27 
 40 100  51  73 136 

Frame 134 (4x5):
 42  45  57  45  76 
 46  50  27  89  76 
101  80 120  27  55 
100  51  73 136 113 

Frame 135 (4x5):
 45  57  45  76  40 
 50  27  89  76  11 
 80 120  27  55 137 
 51  73 136 113 100 

Frame 136 (4x5):
 57  45  76  40  50 
 27  89  76  11  48 
120  27  55 137  60 
 73 136 113 100  97 

Frame 137 (4x5):
 45  76  40  50  24 
 89  76  11  48 120 
 27  55 137  60  96 
136 113 100  97  97 

Frame 138 (4x5):
 76  40  50  24 113 
 76  11  48 120  75 
 55 137  60  96 103 
113 100  97  97  53 

Frame 139 (4x5):
 40  50  24 113  11 
 11  48 120  75  91 
137  60  96 103 127 
100  97  97  53 118 

Frame 140 (4x5):
 50  24 113  11  32 
 48 120  75  91  63 
 60  96 103 127 106 
 97  97  53 118  86 

Frame 141 (4x5):
 24 113  11  32 127 
120  75  91  63 127 
 96 103 127 106  93 
 97  53 118  86  24 

Frame 142 (4x5):
113  11  32 127  61 
 75  91  63 127  36 
103 127 106  93  52 
 53 118  86  24  56 

Frame 143 (4x5):
 11  32 127  61 128 
 91  63 127  36  84 
127 106  93  52  83 
118  86  24  56 120 

Frame 144 (4x5):
 32 127  61 128  16 
 63 127  36  84  64 
106  93  52  83  13 
 86  24  56 120 131 

Frame 145 (4x5):
136  17  28 110  42 
 46  60 110  73 104 
107 134  29  77  40 
136  69  63 135 104 

Frame 146 (4x5):
 17  28 110  42  46 
 60 110  73 104 101 
134  29  77  40 100 
 69  63 135 104  90 

Frame 147 (4x5):
 28 110  42  46  50 
110  73 104 101  80 
 29  77  40 100  51 
 63 135 104  90  35 

Frame 148 (4x5):
110  42  46  50  27 
 73 104 101  80 120 
 77  40 100  51  73 
135 104  90  35  51 

Frame 149 (4x5):
 42  46  50  27  89 
104 101  80 120  27 
 40 100  51  73 136 
104  90  35  51  10 

Frame 150 (4x5):
 46  50  27  89  76 
101  80 120  27  55 
100  51  73 136 113 
 90  35  51  10  61 

Frame 151 (4x5):
 50  27  89  76  11 
 80 120  27  55 137 
 51  73 136 113 100 
 35  51  10  61  17 

Frame 152 (4x5):
 27  89  76  11  48 
120  27  55 137  60 
 73 136 113 100  97 
 51  10  61  17 131 

Frame 153 (4x5):
 89  76  11  48 120 
 27  55 137  60  96 
136 113 100  97  97 
 10  61  17 131 104 

Frame 154 (4x5):
 76  11  48 120  75 
 55 137  60  96 103 
113 100  97  97  53 
 61  17 131 104 107 

Frame 155 (4x5):
 11  48 120  75  91 
137  60  96 103 127 
100  97  97  53 118 
 17 131 104 107 124 

Frame 156 (4x5):
 48 120  75  91  63 
 60  96 103 127 106 
 97  97  53 118  86 
131 104 107 124  16 

Frame 157 (4x5):
120  75  91  63 127 
 96 103 127 106  93 
 97  53 118  86  24 
104 107 124  16 110 

Frame 158 (4x5):
 75  91  63 127  36 
103 127 106  93  52 
 53 118  86  24  56 
107 124  16 110  65 

Frame 159 (4x5):
 91  63 127  36  84 
127 106  93  52  83 
118  86  24  56 120 
124  16 110  65  68 

Frame 160 (4x5):
 63 127  36  84  64 
106  93  52  83  13 
 86  24  56 120 131 
 16 110  65  68  44 

Frame 161 (4x5):
 46  60 110  73 104 
107 134  29  77  40 
136  69  63 135 104 
114  26 132  39 105 

Frame 162 (4x5):
 60 110  73 104 101 
134  29  77  40 100 
 69  63 135 104  90 
 26 132  39 105  76 

Frame 163 (4x5):
110  73 104 101  80 
 29  77  40 100  51 
 63 135 104  90  35 
132  39 105  76 100 

Frame 164 (4x5):
 73 104 101  80 120 
 77  40 100  51  73 
135 104  90  35  51 
 39 105  76 100  78 

Frame 165 (4x5):
104 101  80 120  27 
 40 100  51  73 136 
104  90  35  51  10 
105  76 100  78  34 

Frame 166 (4x5):
101  80 120  27  55 
100  51  73 136 113 
 90  35  51  10  61 
 76 100  78  34  27 

Frame 167 (4x5):
 80 120  27  55 137 
 51  73 136 113 100 
 35  51  10  61  17 
100  78  34  27  86 

Frame 168 (4x5):
120  27  55 137  60 
 73 136 113 100  97 
 51  10  61  17 131 
 78  34  27  86  60 

Frame 169 (4x5):
 27  55 137  60  96 
136 113 100  97  97 
 10  61  17 131 104 
 34  27  86  60 104 

Frame 170 (4x5):
 55 137  60  96 103 
113 100  97  97  53 
 61  17 131 104 107 
 27  86  60 104 118 

Frame 171 (4x5):
137  60  96 103 127 
100  97  97  53 118 
 17 131 104 107 124 
 86  60 104 118 118 

Frame 172 (4x5):
 60  96 103 127 106 
 97  97  53 118  86 
131 104 107 124  16 
 60 104 118 118 123 

Frame 173 (4x5):
 96 103 127 106  93 
 97  53 118  86  24 
104 107 124  16 110 
104 118 118 123  87 

Frame 174 (4x5):
103 127 106  93  52 
 53 118  86  24  56 
107 124  16 110  65 
118 118 123  87  19 

Frame 175 (4x5):
127 106  93  52  83 
118  86  24  56 120 
124  16 110  65  68 
118 123  87  19  43 

Frame 176 (4x5):
106  93  52  83  13 
 86  24  56 120 131 
 16 110  65  68  44 
123  87  19  43  88 

Frame 177 (4x5):
107 134  29  77  40 
136  69  63 135 104 
114  26 132  39 105 
 86  25  95  70  86 

Frame 178 (4x5):
134  29  77  40 100 
 69  63 135 104  90 
 26 132  39 105  76 
 25  95  70  86  28 

Frame 179 (4x5):
 29  77  40 100  51 
 63 135 104  90  35 
132  39 105  76 100 
 95  70  86  28 111 

Frame 180 (4x5):
 77  40 100  51  73 
135 104  90  35  51 
 39 105  76 100  78 
 70  86  28 111 124 

Frame 181 (4x5):
 40 100  51  73 136 
104  90  35  51  10 
105  76 100  78  34 
 86  28 111 124  93 

Frame 182 (4x5):
100  51  73 136 113 
 90  35  51  10  61 
 76 100  78  34  27 
 28 111 124  93  71 

Frame 183 (4x5):
 51  73 136 113 100 
 35  51  10  61  17 
100  78  34  27  86 
111 124  93  71  93 

Frame 184 (4x5):
 73 136 113 100  97 
 51  10  61  17 131 
 78  34  27  86  60 
124  93  71  93 122 

Frame 185 (4x5):
136 113 100  97  97 
 10  61  17 131 104 
 34  27  86  60 104 
 93  71  93 122  95 

Frame 186 (4x5):
113 100  97  97  53 
 61  17 131 104 107 
 27  86  60 104 118 
 71  93 122  95  38 

Frame 187 (4x5):
100  97  97  53 118 
 17 131 104 107 124 
 86  60 104 118 118 
 93 122  95  38  37 

Frame 188 (4x5):
 97  97  53 118  86 
131 104 107 124  16 
 60 104 118 118 123 
122  95  38  37  43 

Frame 189 (4x5):
 97  53 118  86  24 
104 107 124  16 110 
104 118 118 123  87 
 95  38  37  43  12 

Frame 190 (4x5):
 53 118  86  24  56 
107 124  16 110  65 
118 118 123  87  19 
 38  37  43  12 122 

Frame 191 (4x5):
118  86  24  56 120 
124  16 110  65  68 
118 123  87  19  43 
 37  43  12 122 100 

Frame 192 (4x5):
 86  24  56 120 131 
 16 110  65  68  44 
123  87  19  43  88 
 43  12 122 100  38 

Frame 193 (4x5):
136  69  63 135 104 
114  26 132  39 105 
 86  25  95  70  86 
 33  22  33  15 112 

Frame 194 (4x5):
 69  63 135 104  90 
 26 132  39 105  76 
 25  95  70  86  28 
 22  33  15 112  76 

Frame 195 (4x5):
 63 135 104  90  35 
132  39 105  76 100 
 95  70  86  28 111 
 33  15 112  76 112 

Frame 196 (4x5):
135 104  90  35  51 
 39 105  76 100  78 
 70  86  28 111 124 
 15 112  76 112  35 

Frame 197 (4x5):
104  90  35  51  10 
105  76 100  78  34 
 86  28 111 124  93 
112  76 112  35 102 

Frame 198 (4x5):
 90  35  51  10  61 
 76 100  78  34  27 
 28 111 124  93  71 
 76 112  35 102  57 

Frame 199 (4x5):
 35  51  10  61  17 
100  78  34  27  86 
111 124  93  71  93 
112  35 102  57  30 

Frame 200 (4x5):
 51  10  61  17 131 
 78  34  27  86  60 
124  93  71  93 122 
 35 102  57  30  23 

Frame 201 (4x5):
 10  61  17 131 104 
 34  27  86  60 104 
 93  71  93 122  95 
102  57  30  23  60 

Frame 202 (4x5):
 61  17 131 104 107 
 27  86  60 104 118 
 71  93 122  95  38 
 57  30  23  60 120 

Frame 203 (4x5):
 17 131 104 107 124 
 86  60 104 118 118 
 93 122  95  38  37 
 30  23  60 120 109 

Frame 204 (4x5):
131 104 107 124  16 
 60 104 118 118 123 
122  95  38  37  43 
 23  60 120 109  11 

Frame 205 (4x5):
104 107 124  16 110 
104 118 118 123  87 
 95  38  37  43  12 
 60 120 109  11 104 

Frame 206 (4x5):
107 124  16 110  65 
118 118 123  87  19 
 38  37  43  12 122 
120 109  11 104  60 

Frame 207 (4x5):
124  16 110  65  68 
118 123  87  19  43 
 37  43  12 122 100 
109  11 104  60  75 

Frame 208 (4x5):
 16 110  65  68  44 
123  87  19  43  88 
 43  12 122 100  38 
 11 104  60  75  25 

Frame 209 (4x5):
114  26 132  39 105 
 86  25  95  70  86 
 33  22  33  15 112 
102  97  57 134  76 

Frame 210 (4x5):
 26 132  39 105  76 
 25  95  70  86  28 
 22  33  15 112  76 
 97  57 134  76  22 

Frame 211 (4x5):
132  39 105  76 100 
 95  70  86  28 111 
 33  15 112  76 112 
 57 134  76  22 127 

Frame 212 (4x5):
 39 105  76 100  78 
 70  86  28 111 124 
 15 112  76 112  35 
134  76  22 127  53 

Frame 213 (4x5):
105  76 100  78  34 
 86  28 111 124  93 
112  76 112  35 102 
 76  22 127  53  39 

Frame 214 (4x5):
 76 100  78  34  27 
 28 111 124  93  71 
 76 112  35 102  57 
 22 127  53  39  97 

Frame 215 (4x5):
100  78  34  27  86 
111 124  93  71  93 
112  35 102  57  30 
127  53  39  97  88 

Frame 216 (4x5):
 78  34  27  86  60 
124  93  71  93 122 
 35 102  57  30  23 
 53  39  97  88 118 

Frame 217 (4x5):
 34  27  86  60 104 
 93  71  93 122  95 
102  57  30  23  60 
 39  97  88 118  79 

Frame 218 (4x5):
 27  86  60 104 118 
 71  93 122  95  38 
 57  30  23  60 120 
 97  88 118  79  62 

Frame 219 (4x5):
 86  60 104 118 118 
 93 122  95  38  37 
 30  23  60 120 109 
 88 118  79  62 113 

Frame 220 (4x5):
 60 104 118 118 123 
122  95  38  37  43 
 23  60 120 109  11 
118  79  62 113 137 

Frame 221 (4x5):
104 118 118 123  87 
 95  38  37  43  12 
 60 120 109  11 104 
 79  62 113 137  27 

Frame 222 (4x5):
118 118 123  87  19 
 38  37  43  12 122 
120 109  11 104  60 
 62 113 137  27  16 

Frame 223 (4x5):
118 123  87  19  43 
 37  43  12 122 100 
109  11 104  60  75 
113 137  27  16  14 

Frame 224 (4x5):
123  87  19  43  88 
 43  12 122 100  38 
 11 104  60  75  25 
137  27  16  14  26 

Frame 225 (4x5):
 86  25  95  70  86 
 33  22  33  15 112 
102  97  57 134  76 
 49 115  81  78 116 

Frame 226 (4x5):
 25  95  70  86  28 
 22  33  15 112  76 
 97  57 134  76  22 
115  81  78 116  93 

Frame 227 (4x5):
 95  70  86  28 111 
 33  15 112  76 112 
 57 134  76  22 127 
 81  78 116  93  58 

Frame 228 (4x5):
 70  86  28 111 124 
 15 112  76 112  35 
134  76  22 127  53 
 78 116  93  58  81 

Frame 229 (4x5):
 86  28 111 124  93 
112  76 112  35 102 
 76  22 127  53  39 
116  93  58  81 102 

Frame 230 (4x5):
 28 111 124  93  71 
 76 112  35 102  57 
 22 127  53  39  97 
 93  58  81 102 125 

Frame 231 (4x5):
111 124  93  71  93 
112  35 102  57  30 
127  53  39  97  88 
 58  81 102 125  31 

Frame 232 (4x5):
124  93  71  93 122 
 35 102  57  30  23 
 53  39  97  88 118 
 81 102 125  31 125 

Frame 233 (4x5):
 93  71  93 122  95 
102  57  30  23  60 
 39  97  88 118  79 
102 125  31 125  74 

Frame 234 (4x5):
 71  93 122  95  38 
 57  30  23  60 120 
 97  88 118  79  62 
125  31 125  74  26 

Frame 235 (4x5):
 93 122  95  38  37 
 30  23  60 120 109 
 88 118  79  62 113 
 31 125  74  26  20 

Frame 236 (4x5):
122  95  38  37  43 
 23  60 120 109  11 
118  79  62 113 137 
125  74  26  20 122 

Frame 237 (4x5):
 95  38  37  43  12 
 60 120 109  11 104 
 79  62 113 137  27 
 74  26  20 122  46 

Frame 238 (4x5):
 38  37  43  12 122 
120 109  11 104  60 
 62 113 137  27  16 
 26  20 122  46  61 

Frame 239 (4x5):
 37  43  12 122 100 
109  11 104  60  75 
113 137  27  16  14 
 20 122  46  61  27 

Frame 240 (4x5):
 43  12 122 100  38 
 11 104  60  75  25 
137  27  16  14  26 
122  46  61  27 134 

Frame 241 (4x5):
 33  22  33  15 112 
102  97  57 134  76 
 49 115  81  78 116 
121 106  29  84  34 

Frame 242 (4x5):
 22  33  15 112  76 
 97  57 134  76  22 
115  81  78 116  93 
106  29  84  34  62 

Frame 243 (4x5):
 33  15 112  76 112 
 57 134  76  22 127 
 81  78 116  93  58 
 29  84  34  62  15 

Frame 244 (4x5):
 15 112  76 112  35 
134  76  22 127  53 
 78 116  93  58  81 
 84  34  62  15  71 

Frame 245 (4x5):
112  76 112  35 102 
 76  22 127  53  39 
116  93  58  81 102 
 34  62  15  71 119 

Frame 246 (4x5):
 76 112  35 102  57 
 22 127  53  39  97 
 93  58  81 102 125 
 62  15  71 119  30 

Frame 247 (4x5):
112  35 102  57  30 
127  53  39  97  88 
 58  81 102 125  31 
 15  71 119  30 104 

Frame 248 (4x5):
 35 102  57  30  23 
 53  39  97  88 118 
 81 102 125  31 125 
 71 119  30 104  21 

Frame 249 (4x5):
102  57  30  23  60 
 39  97  88 118  79 
102 125  31 125  74 
119  30 104  21 136 

Frame 250 (4x5):
 57  30  23  60 120 
 97  88 118  79  62 
125  31 125  74  26 
 30 104  21 136 123 

Frame 251 (4x5):
 30  23  60 120 109 
 88 118  79  62 113 
 31 125  74  26  20 
104  21 136 123 137 

Frame 252 (4x5):
 23  60 120 109  11 
118  79  62 113 137 
125  74  26  20 122 
 21 136 123 137  11 

Frame 253 (4x5):
 60 120 109  11 104 
 79  62 113 137  27 
 74  26  20 122  46 
136 123 137  11 115 

Frame 254 (4x5):
120 109  11 104  60 
 62 113 137  27  16 
 26  20 122  46  61 
123 137  11 115  61 

Frame 255 (4x5):
109  11 104  60  75 
113 137  27  16  14 
 20 122  46  61  27 
137  11 115  61  29 

Frame 256 (4x5):
 11 104  60  75  25 
137  27  16  14  26 
122  46  61  27 134 
 11 115  61  29 123 

Frame 257 (4x5):
102  97  57 134  76 
 49 115  81  78 116 
121 106  29  84  34 
 70  92  10  15 108 

Frame 258 (4x5):
 97  57 134  76  22 
115  81  78 116  93 
106  29  84  34  62 
 92  10  15 108  46 

Frame 259 (4x5):
 57 134  76  22 127 
 81  78 116  93  58 
 29  84  34  62  15 
 10  15 108  46  43 

Frame 260 (4x5):
134  76  22 127  53 
 78 116  93  58  81 
 84  34  62  15  71 
 15 108  46  43  66 

Frame 261 (4x5):
 76  22 127  53  39 
116  93  58  81 102 
 34  62  15  71 119 
108  46  43  66  69 

Frame 262 (4x5):
 22 127  53  39  97 
 93  58  81 102 125 
 62  15  71 119  30 
 46  43  66  69  29 

Frame 263 (4x5):
127  53  39  97  88 
 58  81 102 125  31 
 15  71 119  30 104 
 43  66  69  29  46 

Frame 264 (4x5):
 53  39  97  88 118 
 81 102 125  31 125 
 71 119  30 104  21 
 66  69  29  46  86 

Frame 265 (4x5):
 39  97  88 118  79 
102 125  31 125  74 
119  30 104  21 136 
 69  29  46  86  22 

Frame 266 (4x5):
 97  88 118  79  62 
125  31 125  74  26 
 30 104  21 136 123 
 29  46  86  22  42 

Frame 267 (4x5):
 88 118  79  62 113 
 31 125  74  26  20 
104  21 136 123 137 
 46  86  22  42 121 

Frame 268 (4x5):
118  79  62 113 137 
125  74  26  20 122 
 21 136 123 137  11 
 86  22  42 121  63 

Frame 269 (4x5):
 79  62 113 137  27 
 74  26  20 122  46 
136 123 137  11 115 
 22  42 121  63 103 

Frame 270 (4x5):
 62 113 137  27  16 
 26  20 122  46  61 
123 137  11 115  61 
 42 121  63 103 110 

Frame 271 (4x5):
113 137  27  16  14 
 20 122  46  61  27 
137  11 115  61  29 
121  63 103 110  21 

Frame 272 (4x5):
137  27  16  14  26 
122  46  61  27 134 
 11 115  61  29 123 
 63 103 110  21  83 

